3891
3894
3896
3894
3896
3893
3896
3893
3895
3895
3893
3896
3891
3895
3897
3900
3893
3895
3896
3894
3895
3896
3893
3894
3893
3894
3894
3893
3897
3892
3898
3893
3887
3897
3892
3894
3890
3895
3887
3885
3885
3879
3885
3881
3877
3880
3874
3874
3867
3868
3866
3858
3860
3854
3849
3847
3845
3837
3833
3833
3828
3823
3823
3819
3817
3814
3811
3813
3808
3806
3805
3803
3806
3801
3805
3801
3805
3803
3802
3815
3802
3804
3807
3803
3808
3801
3809
3804
3802
3802
3800
3800
3796
3798
3797
3799
3796
3794
3797
3789
3896
3894
3893
3893
3893
3893
3896
3893
3893
3893
3894
3895
3891
3896
3895
3893
3896
3893
3896
3895
3893
3898
3893
3896
3894
3895
3895
3894
3896
3893
3896
3893
3890
3897
3877
3818
3773
3741
3720
3706
3703
3690
3700
3677
3668
3601
3494
3419
3356
3306
3275
3247
3235
3223
3219
3217
3213
3199
3169
3124
3065
2996
2929
2859
2802
2736
2665
2598
2538
2486
2437
2399
2363
2329
2304
2278
2256
2225
2193
2154
2104
2049
1991
1929
1941
2309
2769
3183
3466
3654
3763
3827
3860
3877
3885
3887
3891
3892
3891
3893
3895
3888
3896
3895
3893
3897
3891
3896
3890
3897
3895
3893
3896
3894
3902
3897
3893
3899
3895
3890
3853
3791
3751
3722
3707
3683
3653
3626
3595
3577
3559
3555
3570
3588
3605
3599
3571
3472
3417
3396
3381
3374
3359
3337
3310
3278
3239
3200
3157
3106
3055
2997
2939
2887
2822
2751
2675
2605
2541
2481
2433
2393
2353
2320
2281
2245
2203
2163
2123
2081
2036
1987
1944
1905
1872
1849
1858
2007
2325
2745
3142
3433
3634
3751
3824
3857
3878
3885
3890
3893
3894
3895
3893
3893
3895
3893
3895
3893
3891
3895
3893
3890
3901
3897
3874
3894
3896
3895
3894
3901
3892
3896
3897
3893
3895
3898
3896
3898
3895
3895
3891
3897
3893
3893
3886
3864
3851
3821
3793
3768
3748
3730
3710
3696
3683
3673
3666
3654
3654
3648
3635
3625
3608
3597
3578
3570
3559
3551
3541
3539
3554
3533
3491
3434
3371
3311
3258
3223
3202
3190
3182
3178
3169
3156
3139
3110
3062
3005
2938
2871
2795
2715
2632
2563
2502
2446
2403
2362
2321
2268
2205
2143
2081
2018
1999
2167
2567
3013
3346
3577
3720
3803
3849
3872
3881
3887
3891
3892
3893
3891
3895
3894
3898
3897
3898
3894
3897
3898
3895
3899
3896
3897
3895
3895
3897
3892
3898
3896
3900
3895
3893
3890
3881
3888
3887
3890
3893
3891
3891
3887
3879
3858
3829
3797
3766
3744
3730
3720
3709
3699
3691
3681
3669
3655
3643
3633
3622
3608
3597
3535
3421
3343
3300
3281
3273
3280
3299
3326
3343
3360
3365
3359
3341
3312
3276
3240
3197
3153
3106
3061
3004
2942
2870
2797
2726
2657
2594
2536
2484
2438
2391
2362
2321
2274
2214
2163
2106
2063
2251
2756
3165
3457
3646
3764
3825
3858
3877
3887
3892
3894
3893
3895
3898
3896
3894
3894
3894
3896
3892
3893
3895
3894
3898
3895
3895
3893
3892
3899
3889
3896
3894
3895
3897
3893
3895
3893
3894
3893
3892
3894
3892
3888
3861
3823
3780
3749
3733
3717
3703
3696
3682
3676
3664
3664
3669
3686
3713
3735
3757
3744
3644
3583
3559
3553
3553
3561
3565
3561
3563
3566
3570
3565
3561
3554
3538
3517
3475
3420
3335
3243
3151
3062
2982
2901
2829
2768
2714
2666
2627
2586
2546
2504
2462
2417
2369
2319
2262
2216
2148
2254
2705
3132
3435
3633
3755
3822
3857
3875
3885
3889
3896
3894
3896
3894
3897
3893
3895
3896
3894
3896
3898
3894
3898
3891
3900
3896
3895
3896
3892
3895
3895
3895
3896
3894
3896
3895
3895
3896
3891
3883
3852
3824
3808
3796
3792
3776
3771
3761
3757
3755
3754
3765
3766
3776
3781
3786
3797
3807
3818
3780
3711
3630
3578
3554
3537
3526
3518
3514
3502
3492
3472
3453
3432
3404
3365
3318
3255
3183
3109
3036
2962
2884
2817
2732
2658
2591
2547
2478
2426
2378
2332
2286
2234
2181
2128
2074
2022
1980
1943
1915
1895
1879
1857
1930
2226
2661
3075
3391
3604
3740
3897
3897
3895
3898
3895
3898
3893
3898
3894
3895
3896
3895
3899
3898
3894
3895
3897
3897
3896
3897
3898
3899
3900
3895
3898
3895
3896
3899
3895
3901
3893
3893
3898
3888
3873
3834
3810
3793
3775
3764
3751
3746
3737
3736
3739
3737
3744
3749
3671
3569
3520
3494
3480
3467
3454
3434
3393
3342
3277
3207
3133
3054
2972
2893
2816
2736
2664
2594
2527
2467
2420
2380
2347
2311
2291
2270
2251
2233
2218
2204
2182
2152
2093
2107
2382
2832
3220
3496
3669
3776
3834
3862
3881
3888
3893
3890
3895
3895
3893
3900
3897
3897
3896
3896
3895
3898
3895
3892
3897
3894
3892
3892
3897
3898
3898
3898
3898
3895
3899
3895
3895
3898
3897
3898
3904
3897
3897
3898
3896
3894
3898
3896
3897
3895
3895
3891
3869
3848
3832
3815
3805
3789
3771
3751
3732
3713
3696
3680
3667
3664
3663
3661
3667
3658
3650
3615
3552
3476
3394
3327
3283
3245
3215
3187
3151
3122
3090
3057
3018
2979
2941
2904
2871
2843
2819
2788
2750
2707
2658
2604
2557
2506
2464
2423
2383
2350
2315
2283
2242
2195
2168
2322
2708
3127
3434
3635
3752
3825
3863
3879
3897
3896
3899
3895
3896
3894
3898
3897
3893
3898
3897
3898
3896
3900
3899
3895
3899
3896
3899
3897
3894
3897
3896
3903
3897
3897
3897
3895
3896
3896
3896
3895
3890
3867
3826
3781
3744
3723
3713
3694
3686
3671
3658
3641
3625
3621
3613
3621
3611
3511
3445
3411
3405
3399
3409
3414
3426
3428
3414
3396
3365
3327
3294
3243
3200
3153
3106
3060
3013
2962
2903
2840
2786
2713
2648
2588
2537
2482
2427
2363
2299
2235
2189
2278
2561
2939
3298
3547
3707
3793
3843
3874
3883
3891
3893
3895
3898
3895
3894
3892
3898
3895
3901
3897
3898
3895
3898
3897
3895
3898
3896
3898
3897
3897
3891
3895
3903
3897
3897
3897
3896
3898
3895
3894
3897
3894
3887
3830
3770
3723
3687
3667
3639
3621
3601
3584
3574
3557
3543
3531
3519
3498
3405
3307
3221
3166
3134
3114
3104
3095
3085
3082
3076
3069
3053
3028
2994
2958
2918
2869
2823
2776
2726
2671
2621
2573
2523
2471
2417
2365
2309
2247
2179
2112
2052
2199
2711
3133
3448
3633
3754
3822
3860
3877
3886
3894
3890
3895
3893
3893
3895
3892
3893
3894
3895
3895
3896
3896
3892
3896
3893
3892
3899
3894
3895
3895
3896
3898
3892
3898
3891
3894
3893
3895
3898
3896
3894
3893
3893
3895
3894
3899
3891
3896
3896
3895
3895
3893
3890
3885
3873
3860
3863
3847
3823
3804
3792
3773
3760
3745
3729
3716
3707
3707
3682
3563
3497
3469
3451
3444
3449
3455
3473
3487
3499
3511
3506
3497
3461
3404
3332
3248
3160
3068
2984
2902
2820
2739
2659
2589
2521
2457
2403
2347
2289
2240
2176
2101
2031
2014
2256
2670
3078
3397
3616
3740
3819
3854
3875
3887
3889
3892
3890
3894
3896
3892
3893
3893
3892
3893
3898
3896
3905
3897
3894
3895
3895
3894
3898
3895
3899
3899
3903
3897
3895
3897
3897
3897
3897
3899
3897
3894
3897
3898
3896
3910
3894
3896
3894
3898
3895
3893
3882
3852
3822
3797
3776
3756
3739
3724
3714
3717
3724
3739
3743
3675
3606
3565
3557
3552
3555
3560
3551
3548
3533
3512
3479
3424
3353
3264
3169
3067
2977
2886
2799
2714
2635
2560
2488
2418
2335
2254
2187
2130
2070
2020
2163
2647
3084
3400
3614
3737
3816
3853
3873
3886
3887
3893
3891
3890
3894
3891
3895
3891
3895
3893
3893
3893
3891
3894
3896
3896
3892
3894
3894
3893
3896
3893
3896
3893
3898
3901
3895
3894
3893
3897
3900
3893
3896
3892
3896
3896
3897
3896
3894
3896
3894
3900
3897
3898
3896
3893
3893
3882
3867
3849
3834
3825
3808
3798
3796
3796
3791
3780
3769
3736
3593
3492
3419
3367
3326
3293
3266
3246
3227
3199
3161
3117
3068
3009
2948
2882
2815
2749
2684
2625
2566
2512
2462
2412
2366
2324
2285
2248
2203
2160
2114
2068
2013
1951
1893
1871
2106
2525
2939
3297
3542
3704
3787
3841
3867
3879
3887
3887
3891
3891
3893
3890
3892
3893
3852
3853
3849
3850
3852
3854
3851
3849
3849
3853
3849
3851
3845
3847
3848
3843
3846
3844
3840
3834
3824
3814
3799
3787
3777
3771
3760
3761
3756
3745
3742
3727
3718
3711
3707
3710
3714
3729
3747
3756
3728
3639
3579
3548
3531
3526
3520
3522
3525
3529
3533
3537
3535
3531
3532
3523
3515
3508
3494
3485
3467
3458
3442
3424
3409
3391
3379
3354
3323
3290
3245
3199
3143
3094
3043
2995
2949
2902
2858
2811
2760
2702
2627
2557
2491
2437
2369
2455
2858
3250
3514
3691
3785
3841
3867
3884
3888
3889
3890
3892
3896
3897
3900
3897
3896
3893
3897
3897
3897
3893
3896
3895
3895
3897
3895
3898
3887
3867
3846
3830
3820
3809
3792
3776
3757
3743
3722
3709
3703
3697
3700
3702
3709
3707
3630
3562
3499
3459
3429
3409
3393
3374
3355
3334
3316
3284
3245
3198
3146
3089
3032
2981
2926
2865
2797
2731
2666
2602
2551
2503
2455
2418
2379
2345
2309
2267
2227
2175
2122
2069
2010
1957
1908
1867
1829
1832
2171
2678
3101
3403
3613
3741
3808
3851
3871
3885
3888
3890
3893
3888
3893
3893
3890
3897
3890
3895
3892
3893
3896
3891
3894
3894
3893
3893
3894
3898
3893
3896
3896
3897
3895
3893
3894
3891
3898
3894
3896
3896
3895
3898
3892
3895
3894
3892
3897
3893
3896
3894
3895
3893
3893
3896
3890
3897
3894
3896
3899
3893
3897
3897
3895
3897
3892
3862
3806
3775
3753
3739
3727
3712
3703
3682
3662
3638
3615
3544
3403
3304
3231
3181
3129
3078
3025
2968
2903
2840
2767
2691
2618
2548
2487
2438
2392
2352
2311
2272
2226
2201
2167
2132
2094
2053
2016
1983
1956
1927
1903
1878
1844
1810
1777
1783
1968
2346
2771
3164
3453
3641
3762
3822
3897
3895
3891
3894
3895
3891
3895
3899
3896
3896
3895
3895
3895
3891
3894
3894
3896
3895
3895
3895
3895
3894
3889
3895
3895
3893
3891
3877
3858
3836
3816
3794
3775
3755
3738
3725
3714
3706
3706
3703
3704
3635
3521
3451
3408
3380
3354
3336
3305
3271
3233
3186
3125
3056
2987
2917
2851
2785
2725
2670
2623
2577
2540
2505
2471
2436
2404
2364
2315
2251
2175
2127
2272
2637
3059
3381
3601
3735
3808
3841
3873
3881
3888
3891
3894
3891
3893
3889
3893
3892
3895
3893
3891
3895
3893
3894
3895
3893
3896
3893
3892
3895
3894
3895
3892
3899
3895
3896
3895
3893
3895
3893
3894
3893
3893
3895
3894
3897
3894
3897
3895
3894
3895
3893
3898
3895
3896
3892
3850
3797
3762
3741
3724
3715
3704
3685
3666
3657
3649
3656
3663
3634
3554
3481
3441
3418
3409
3401
3402
3390
3376
3358
3318
3280
3233
3176
3124
3064
3002
2942
2876
2804
2729
2650
2577
2513
2454
2407
2365
2324
2278
2239
2197
2154
2114
2080
2048
2018
1989
1958
1920
2037
2433
2888
3263
3520
3685
3778
3835
3875
3882
3889
3892
3891
3893
3892
3895
3894
3892
3893
3893
3898
3893
3896
3895
3896
3896
3889
3896
3891
3893
3895
3893
3896
3893
3900
3895
3896
3895
3892
3894
3896
3896
3895
3898
3898
3891
3879
3845
3797
3755
3727
3701
3686
3672
3656
3639
3634
3635
3652
3555
3485
3453
3442
3448
3455
3473
3498
3518
3521
3514
3504
3484
3430
3355
3252
3143
3040
2949
2871
2804
2749
2692
2642
2589
2544
2501
2453
2410
2360
2314
2270
2225
2173
2101
2035
1973
1982
2214
2598
3004
3339
3580
3720
3802
3850
3872
3885
3890
3891
3895
3893
3899
3890
3900
3895
3893
3897
3890
3895
3894
3894
3891
3896
3896
3895
3896
3893
3896
3896
3890
3897
3893
3893
3895
3890
3897
3892
3894
3895
3897
3896
3892
3896
3892
3883
3869
3842
3822
3799