3574
3571
3573
3573
3569
3572
3567
3569
3571
3567
3569
3567
3565
3567
3563
3566
3561
3565
3563
3562
3564
3562
3568
3561
3557
3561
3557
3565
3564
3570
3573
3569
3574
3572
3575
3566
3567
3562
3559
3567
3571
3579
3581
3584
3585
3596
3596
3602
3612
3616
3622
3623
3626
3629
3629
3631
3629
3630
3630
3631
3632
3632
3629
3630
3634
3632
3633
3630
3634
3629
3635
3635
3633
3634
3633
3885
3886
3885
3885
3883
3885
3884
3883
3887
3885
3900
3884
3887
3887
3883
3886
3885
3887
3882
3867
3847
3821
3790
3749
3716
3695
3673
3659
3649
3643
3638
3633
3633
3631
3633
3623
3522
3340
3089
2843
2634
2465
2321
2195
2090
1997
1917
1844
1779
1719
1664
1613
1565
1520
1479
1445
1412
1380
1350
1320
1293
1261
1234
1221
1224
1253
1299
1359
1425
1482
1525
1561
1628
1830
2044
2236
2403
2540
2663
2759
2844
3022
3199
3339
3437
3506
3548
3586
3624
3658
3701
3735
3757
3779
3794
3816
3823
3839
3849
3853
3886
3885
3884
3887
3884
3885
3886
3887
3887
3883
3880
3883
3883
3887
3885
3883
3888
3887
3887
3883
3887
3885
3883
3882
3880
3882
3876
3874
3866
3861
3854
3845
3844
3842
3831
3830
3824
3824
3792
3663
3440
3176
2926
2704
2527
2383
2263
2156
2065
1986
1918
1859
1807
1759
1719
1680
1650
1618
1589
1561
1530
1503
1477
1453
1432
1413
1397
1381
1362
1343
1326
1311
1301
1298
1297
1300
1394
1660
1919
2148
2356
2538
2701
2842
2963
3064
3143
3221
3405
3550
3651
3712
3754
3771
3779
3784
3784
3782
3772
3780
3887
3886
3885
3888
3886
3885
3888
3884
3885
3885
3885
3887
3884
3887
3897
3887
3885
3884
3887
3881
3886
3878
3866
3861
3845
3832
3758
3609
3396
3113
2850
2642
2478
2352
2249
2161
2073
1988
1912
1844
1778
1722
1671
1623
1577
1534
1491
1455
1424
1401
1387
1378
1373
1374
1378
1385
1393
1405
1418
1437
1453
1471
1491
1508
1536
1583
1652
1768
1934
2137
2346
2549
2732
2891
3028
3142
3241
3313
3376
3425
3465
3493
3516
3531
3540
3546
3556
3674
3751
3787
3801
3798
3794
3783
3771
3773
3791
3826
3853
3867
3886
3885
3887
3888
3888
3887
3883
3887
3884
3887
3887
3886
3887
3882
3890
3883
3883
3882
3873
3871
3855
3849
3833
3831
3817
3808
3794
3709
3547
3364
3195
2965
2740
2554
2401
2266
2151
2044
1952
1872
1797
1728
1670
1612
1564
1517
1477
1440
1424
1425
1443
1462
1485
1511
1597
1814
2056
2277
2468
2633
2773
2894
2994
3074
3158
3361
3505
3607
3677
3724
3746
3755
3769
3784
3793
3820
3852
3867
3875
3878
3878
3883
3877
3879
3882
3874
3877
3877
3881
3882
3877
3878
3879
3880
3873
3873
3878
3865
3871
3870
3885
3888
3882
3886
3884
3884
3885
3882
3886
3882
3885
3885
3883
3886
3883
3887
3885
3885
3885
3883
3877
3882
3873
3866
3850
3845
3830
3817
3801
3787
3773
3755
3741
3727
3711
3701
3687
3679
3672
3667
3662
3605
3431
3174
2927
2717
2539
2393
2271
2167
2077
1997
1925
1858
1798
1740
1686
1639
1595
1554
1511
1479
1447
1413
1383
1358
1336
1319
1310
1302
1307
1319
1339
1362
1386
1407
1423
1442
1457
1471
1496
1518
1534
1578
1697
1887
2102
2312
2498
2666
2811
2936
3036
3126
3197
3250
3301
3343
3371
3413
3834
3834
3832
3835
3834
3835
3834
3835
3839
3836
3835
3837
3835
3835
3823
3823
3815
3805
3793
3775
3758
3735
3721
3703
3687
3678
3665
3657
3647
3641
3606
3490
3317
3086
2851
2649
2481
2343
2229
2129
2044
1965
1895
1833
1791
1757
1721
1684
1643
1607
1573
1538
1506
1475
1455
1445
1452
1466
1482
1499
1515
1532
1547
1562
1579
1596
1611
1625
1683
1849
2086
2323
2539
2721
2877
3009
3112
3199
3264
3334
3505
3622
3696
3738
3761
3767
3770
3792
3799
3803
3803
3797
3794
3787
3781
3771
3765
3757
3749
3751
3811
3808
3813
3812
3810
3813
3808
3816
3807
3815
3815
3812
3809
3795
3792
3773
3760
3741
3728
3720
3706
3702
3688
3681
3675
3667
3662
3652
3652
3645
3642
3643
3634
3635
3603
3474
3258
3009
2781
2590
2430
2290
2167
2054
1954
1861
1786
1716
1657
1604
1555
1512
1473
1439
1410
1385
1360
1338
1319
1302
1295
1288
1287
1290
1299
1319
1342
1367
1473
1710
1946
2155
2335
2492
2625
2740
2833
2918
2990
3052
3106
3275
3422
3522
3591
3633
3667
3687
3710
3739
3756
3767
3770
3766
3763
3762
3764
3763
3769
3781
3887
3889
3886
3886
3888
3884
3886
3888
3885
3888
3885
3884
3888
3883
3884
3882
3878
3878
3866
3858
3845
3831
3827
3814
3802
3783
3770
3755
3738
3730
3713
3700
3691
3675
3661
3520
3254
2970
2730
2541
2386
2251
2131
2026
1936
1858
1775
1695
1627
1565
1513
1463
1423
1389
1362
1343
1327
1314
1297
1282
1267
1250
1236
1226
1222
1228
1244
1259
1282
1401
1645
1877
2083
2255
2413
2541
2655
2758
2847
2971
3159
3302
3408
3473
3551
3610
3672
3719
3754
3777
3796
3814
3825
3836
3847
3853
3866
3870
3879
3879
3884
3885
3882
3874
3868
3861
3853
3846
3833
3822
3809
3797
3780
3765
3749
3731
3725
3712
3705
3694
3685
3679
3671
3664
3664
3658
3655
3648
3643
3579
3434
3218
2977
2749
2559
2409
2278
2172
2080
2007
1949
1899
1843
1790
1742
1700
1663
1637
1611
1593
1581
1567
1550
1534
1511
1490
1468
1466
1467
1482
1503
1521
1660
1920
2149
2338
2495
2625
2734
2932
3121
3274
3383
3465
3529
3583
3647
3694
3731
3758
3780
3807
3824
3839
3848
3857
3867
3874
3881
3882
3882
3882
3886
3889
3885
3888
3887
3885
3888
3883
3888
3886
3889
3889
3891
3886
3887
3879
3887
3889
3885
3886
3890
3891
3887
3885
3888
3889
3886
3887
3877
3872
3862
3851
3840
3820
3806
3781
3756
3729
3704
3687
3673
3663
3651
3646
3639
3603
3456
3197
2933
2709
2523
2364
2223
2101
1996
1907
1838
1771
1725
1676
1634
1594
1557
1520
1492
1465
1441
1416
1392
1368
1342
1334
1327
1327
1331
1334
1328
1315
1295
1273
1253
1248
1269
1298
1358
1596
1855
2085
2281
2450
2593
2716
2819
3003
3199
3344
3453
3537
3612
3677
3727
3759
3785
3808
3822
3829
3839
3848
3885
3886
3883
3887
3886
3888
3886
3885
3885
3883
3884
3886
3888
3887
3884
3885
3888
3884
3885
3884
3887
3887
3884
3885
3885
3892
3883
3876
3853
3825
3784
3739
3709
3684
3662
3645
3630
3627
3622
3621
3605
3445
3186
2926
2701
2521
2375
2254
2152
2058
1981
1909
1838
1762
1689
1627
1571
1520
1473
1429
1391
1355
1324
1291
1261
1235
1209
1188
1169
1159
1159
1175
1191
1202
1206
1208
1217
1218
1224
1224
1230
1242
1285
1370
1505
1675
1857
2031
2191
2331
2453
2558
2650
2728
2792
2844
2893
2933
2962
2991
3885
3884
3884
3887
3881
3886
3885
3887
3885
3884
3887
3881
3887
3883
3886
3881
3874
3863
3852
3838
3826
3808
3795
3776
3759
3739
3725
3715
3698
3690
3586
3355
3089
2844
2637
2468
2326
2206
2105
2016
1933
1854
1780
1715
1655
1600
1552
1512
1478
1451
1435
1424
1414
1414
1426
1455
1488
1524
1546
1558
1556
1549
1540
1532
1538
1554
1580
1683
1900
2138
2355
2549
2718
2859
2981
3085
3293
3470
3596
3687
3739
3772
3805
3827
3841
3844
3850
3851
3863
3855
3856
3864
3867
3871
3876
3881
3883
3883
3887
3884
3887
3888
3886
3886
3883
3883
3884
3883
3887
3884
3886
3883
3885
3885
3885
3886
3885
3883
3888
3883
3885
3887
3884
3875
3859
3842
3816
3788
3755
3719
3694
3670
3653
3639
3633
3552
3325
3068
2833
2614
2440
2287
2158
2041
1939
1856
1772
1699
1630
1569
1517
1478
1446
1419
1390
1363
1341
1324
1305
1286
1271
1255
1253
1263
1289
1325
1359
1393
1479
1707
1950
2163
2360
2520
2657
2775
2874
2954
3024
3083
3132
3175
3210
3268
3429
3543
3614
3652
3661
3670
3700
3712
3719
3728
3735
3751
3760
3773
3787
3799
3677
3677
3679
3677
3675
3680
3681
3677
3678
3675
3676
3680
3676
3672
3675
3667
3667
3667
3663
3663
3663
3661
3658
3655
3655
3654
3651
3642
3599
3495
3321
3076
2831
2626
2459
2314
2196
2085
1989
1912
1845
1784
1733
1691
1654
1622
1590
1562
1540
1517
1497
1476
1459
1439
1415
1398
1373
1365
1369
1392
1430
1471
1541
1767
2045
2299
2524
2720
2881
3018
3119
3214
3289
3346
3379
3426
3454
3591
3702
3771
3805
3836
3842
3841
3836
3849
3868
3874
3881
3882
3885
3886
3885
3886
3885
3886
3881
3886
3883
3879
3885
3885
3887
3888
3885
3881
3885
3882
3874
3877
3875
3871
3867
3855
3842
3824
3813
3791
3768
3743
3720
3704
3692
3678
3665
3653
3649
3639
3636
3629
3623
3618
3612
3611
3607
3533
3312
3059
2813
2608
2440
2303
2203
2119
2037
1963
1898
1834
1775
1715
1659
1598
1543
1492
1448
1411
1377
1349
1326
1309
1296
1292
1298
1313
1399
1633
1863
2078
2259
2416
2551
2664
2762
2841
2919
2980
3083
3269
3404
3502
3579
3635
3674
3697
3708
3727
3755
3774
3795
3818
3827
3837
3832
3837
3839
3833
3832
3829
3831
3835
3887
3886
3888
3883
3886
3885
3887
3885
3886
3887
3886
3885
3884
3881
3876
3871
3865
3851
3844
3837
3826
3815
3800
3786
3764
3744
3727
3710
3697
3684
3674
3662
3653
3650
3641
3640
3627
3538
3380
3202
2997
2773
2575
2407
2261
2132
2017
1914
1820
1736
1658
1588
1525
1465
1418
1377
1342
1317
1296
1275
1261
1245
1230
1211
1190
1169
1147
1128
1112
1105
1125
1168
1213
1253
1371
1595
1819
2027
2211
2369
2514
2638
2761
2861
3086
3270
3411
3522
3598
3655
3699
3723
3746
3759
3775
3778
3783
3791
3789
3792
3890
3885
3887
3891
3889
3888
3890
3888
3883
3889
3886
3892
3891
3891
3888
3891
3889
3890
3894
3884
3891
3881
3867
3856
3837
3823
3798
3768
3742
3713
3696
3676
3664
3653
3647
3642
3634
3632
3563
3411
3218
2970
2735
2542
2381
2239
2109
1997
1895
1806
1723
1649
1578
1520
1464
1415
1364
1324
1288
1255
1225
1197
1175
1152
1133
1113
1097
1086
1087
1114
1172
1254
1329
1393
1480
1711
1937
2148
2345
2512
2665
2831
3071
3253
3391
3493
3568
3628
3678
3717
3754
3774
3796
3809
3817
3829
3845
3851
3858
3865
3888
3886
3894
3887
3890
3887
3887
3887
3884
3888
3886
3888
3888
3884
3890
3885
3883
3878
3866
3857
3842
3829
3816
3804
3784
3759
3741
3721
3708
3699
3692
3682
3675
3668
3604
3459
3284
3103
2896
2690
2514
2367
2230
2111
2004
1909
1818
1736
1667
1603
1543
1492
1456
1407
1365
1354
1334
1339
1351
1364
1375
1391
1408
1437
1478
1513
1543
1570
1595
1720
1936
2148
2333
2501
2649
2773
2880
2994
3195
3360
3464
3543
3597
3640
3677
3707
3734
3750
3760
3773
3791
3806
3813
3829
3834
3835
3845
3844
3851
3849
3846
3845
3844
3848
3846
3840
3844
3846
3849
3845
3846
3848
3845
3848
3845
3839
3836
3816
3814
3794
3782
3763
3741
3727
3703
3693
3680
3668
3664
3652
3649
3639
3639
3631
3629
3606
3495
3324
3129
2895
2670
2482
2319
2179
2052
1942
1839
1749
1667
1596
1535
1472
1414
1347
1293
1237
1189
1154
1117
1085
1051
1015
981
957
945
947
966
1000
1054
1121
1199
1289
1458
1690
1934
2170
2385
2568
2731
2862
2986
3195
3379
3516
3610
3678
3722
3745
3777
3811
3841
3862
3870
3882
3883
3883
3887
3886
3891
3883
3850
3850
3851
3855
3851
3853
3851
3848
3850
3852
3855
3855
3851
3849
3849
3849
3851
3843
3835
3825
3811
3807
3801
3788
3775
3763
3749
3736
3725
3713
3703
3694
3686
3680
3678
3662
3579
3415
3163
2898
2670
2489
2338
2203
2090
1986
1888
1796
1713
1630
1555
1485
1420
1365
1308
1251
1201
1148
1098
1054
1021
999
995
1019
1100
1206
1340
1569
1818
2068
2307
2643
2946
3186
3362
3497
3584
3646
3697
3737
3761
3783
3801
3814
3833
3847
3860
3863
3867
3872
3873
3875
3879
3872
3877
3878
3877
3878
3873
3877
3882
3883
3883
3880
3881
3883
3888
3880
3881
3887
3883
3885
3880
3877
3874
3862
3850
3836
3824
3809
3784
3760
3739
3719
3705
3687
3675
3665
3658
3652
3643
3637
3605
3469
3253
3003
2762
2559
2395
2248
2115
1995
1889
1790
1697
1614
1536
1465
1400
1338
1287
1218
1163
1112
1062
1020
981
943
912
879
845
820
811
822
856
915
1005
1103
1204
1408
1653
1901
2137
2351
2544
2711
2856
2991
3241
3438
3574
3670
3727
3757
3794
3826
3847
3862
3877
3888
3888
3887
3884
3888
3888
3887
3888
3883
3888
3887
3886
3881
3882
3884
3885
3881
3881
3884
3883
3883
3881
3879
3881
3879
3884
3881
3881
3882
3877
3875
3865
3861
3847
3837
3824
3817
3817
3803
3790
3781
3764
3743
3725
3707
3695
3687
3675
3664
3659
3610
3474
3302
3074
2842
2629
2450
2304
2177
2067
1968
1877
1793
1711
1635
1563
1503
1445
1398
1355
1314
1278
1239
1202
1167
1144
1127
1124
1144
1197
1277
1355
1516
1757
2004
2228
2431
2607
2757
2963
3199
3382
3513
3611
3687
3725
3759
3791
3821
3847
3865
3875
3883
3882
3894
3886
3890
3890
3887
3892
3889
3893
3887
3884
3890
3885
3888
3886
3882
3888
3887
3886
3885