3882
3881
3884
3880
3877
3877
3877
3878
3880
3868
3879
3874
3856
3822
3786
3762
3749
3748
3749
3749
3746
3736
3667
3533
3462
3414
3379
3349
3324
3305
3274
3246
3211
3169
3119
3072
3017
2960
2899
2840
2777
2720
2659
2603
2552
2499
2450
2403
2363
2326
2292
2267
2244
2224
2204
2181
2158
2131
2106
2079
2048
2015
1978
1936
1893
1845
1792
1739
1688
1634
1589
1549
1569
2063
2591
3021
3343
3565
3706
3785
3832
3851
3864
3872
3873
3872
3876
3877
3876
3877
3876
3879
3876
3880
3878
3878
3877
3875
3878
3878
3882
3881
3877
3880
3878
3880
3881
3879
3881
3878
3882
3878
3878
3878
3877
3881
3882
3880
3880
3878
3880
3879
3880
3843
3793
3741
3721
3720
3718
3719
3716
3711
3705
3668
3550
3443
3372
3320
3269
3220
3172
3114
3051
2973
2889
2810
2719
2632
2551
2483
2425
2378
2339
2306
2272
2247
2216
2185
2153
2115
2079
2037
1992
1943
1896
1834
1783
1724
1668
1613
1562
1511
1456
1406
1359
1318
1286
1276
1361
1923
2461
2911
3259
3503
3667
3763
3819
3845
3862
3869
3873
3893
3874
3877
3876
3879
3880
3877
3879
3877
3880
3879
3886
3879
3879
3882
3877
3882
3877
3883
3881
3880
3881
3877
3881
3877
3863
3832
3787
3751
3715
3681
3655
3629
3609
3596
3521
3395
3317
3253
3215
3188
3162
3145
3130
3112
3096
3080
3070
3057
3046
3034
3019
3001
2970
2942
2900
2866
2833
2800
2765
2731
2692
2650
2607
2564
2513
2466
2423
2381
2343
2311
2282
2260
2241
2221
2206
2191
2174
2154
2125
2090
2041
1981
1915
1845
1771
1697
1628
1562
1494
1433
1370
1312
1275
1267
1415
1961
2491
2933
3278
3519
3674
3772
3819
3853
3859
3874
3876
3873
3881
3882
3881
3880
3881
3881
3882
3885
3880
3884
3882
3882
3878
3881
3880
3880
3882
3882
3883
3881
3881
3885
3883
3883
3881
3882
3882
3886
3877
3861
3828
3784
3751
3731
3721
3725
3715
3728
3727
3727
3723
3718
3717
3697
3626
3527
3447
3394
3353
3327
3297
3275
3247
3216
3185
3151
3097
3052
2994
2927
2855
2776
2695
2618
2544
2485
2429
2386
2346
2309
2288
2261
2236
2211
2175
2125
2065
1999
1930
1863
1800
1737
1675
1622
1569
1521
1478
1437
1393
1368
1358
1651
2224
2720
3119
3412
3608
3730
3800
3839
3887
3881
3882
3878
3887
3882
3887
3882
3879
3887
3882
3883
3883
3884
3884
3881
3885
3879
3869
3842
3801
3764
3735
3705
3684
3657
3634
3607
3586
3562
3541
3523
3503
3484
3464
3445
3369
3252
3131
3039
2964
2896
2841
2781
2728
2680
2635
2599
2565
2541
2513
2492
2463
2432
2400
2367
2336
2308
2281
2263
2240
2225
2212
2199
2190
2171
2149
2115
2074
2025
1975
1917
1858
1794
1731
1666
1610
1546
1494
1441
1389
1337
1294
1251
1210
1175
1151
1154
1333
1902
2446
2898
3248
3499
3659
3762
3830
3846
3864
3868
3879
3881
3883
3883
3884
3880
3881
3885
3882
3884
3885
3885
3878
3877
3883
3883
3887
3881
3880
3888
3881
3873
3846
3814
3771
3735
3703
3671
3643
3613
3586
3568
3549
3527
3508
3489
3461
3376
3269
3159
3072
2998
2938
2882
2829
2778
2725
2675
2627
2574
2522
2472
2428
2385
2343
2311
2284
2258
2237
2223
2210
2195
2184
2173
2163
2148
2130
2109
2079
2049
2017
1975
1929
1877
1824
1767
1711
1659
1609
1562
1514
1476
1437
1402
1367
1333
1302
1271
1247
1222
1203
1197
1211
1611
2175
2680
3082
3379
3588
3714
3881
3879
3883
3879
3887
3881
3880
3882
3878
3886
3880
3884
3883
3882
3884
3881
3881
3862
3828
3778
3738
3706
3671
3653
3630
3617
3605
3598
3590
3577
3573
3526
3435
3333
3248
3187
3135
3093
3054
3013
2973
2932
2888
2869
2797
2745
2690
2629
2571
2512
2455
2410
2365
2328
2299
2274
2253
2235
2217
2197
2171
2143
2107
2076
2037
1992
1945
1897
1842
1787
1732
1679
1629
1581
1535
1492
1453
1414
1374
1337
1297
1262
1228
1194
1163
1145
1164
1519
2090
2607
3024
3335
3561
3698
3781
3827
3842
3866
3869
3871
3881
3879
3887
3882
3879
3887
3881
3881
3881
3882
3883
3879
3882
3881
3880
3882
3880
3879
3881
3883
3883
3884
3882
3880
3881
3876
3837
3794
3749
3714
3678
3652
3629
3606
3596
3580
3571
3559
3546
3536
3526
3520
3477
3397
3303
3210
3142
3085
3041
2997
2955
2920
2877
2835
2788
2746
2698
2655
2611
2560
2512
2468
2424
2379
2346
2313
2284
2259
2237
2218
2202
2192
2181
2170
2163
2157
2147
2136
2119
2101
2075
2045
2008
1971
1933
1890
1848
1804
1755
1703
1650
1598
1546
1497
1454
1414
1394
1394
1672
2246
3877
3880
3883
3882
3880
3891
3882
3880
3881
3882
3881
3879
3884
3881
3882
3881
3882
3883
3879
3881
3882
3885
3882
3879
3885
3879
3854
3810
3773
3739
3719
3715
3714
3722
3727
3731
3733
3727
3726
3722
3719
3713
3708
3692
3624
3535
3460
3398
3357
3326
3303
3280
3261
3237
3217
3195
3167
3136
3101
3061
3026
2983
2937
2886
2825
2763
2693
2627
2559
2497
2438
2394
2353
2314
2288
2259
2232
2200
2165
2126
2080
2037
1984
1936
1870
1811
1753
1695
1638
1585
1536
1491
1445
1401
1362
1325
1295
1272
1254
1266
3881
3883
3879
3882
3882
3880
3884
3881
3883
3882
3881
3884
3880
3883
3883
3883
3883
3883
3884
3880
3883
3881
3881
3887
3875
3867
3837
3814
3787
3763
3754
3745
3748
3751
3755
3750
3760
3747
3739
3736
3729
3722
3718
3707
3703
3689
3649
3538
3437
3372
3322
3284
3250
3227
3195
3167
3130
3085
3037
2980
2923
2861
2799
2729
2659
2592
2526
2467
2423
2373
2337
2303
2271
2242
2203
2171
2122
2083
2033
1983
1928
1872
1819
1757
1700
1641
1583
1526
1472
1418
1370
1325
1278
1236
1189
1148
1110
1068
1035
1003
3881
3880
3879
3882
3881
3879
3881
3881
3879
3880
3882
3878
3881
3879
3879
3881
3878
3882
3880
3881
3879
3882
3884
3879
3883
3882
3881
3883
3873
3884
3880
3868
3828
3786
3755
3724
3701
3679
3663
3652
3638
3628
3613
3601
3586
3570
3532
3448
3350
3250
3169
3102
3035
2977
2919
2864
2804
2744
2684
2621
2565
2512
2462
2414
2373
2335
2304
2278
2255
2236
2219
2197
2173
2143
2109
2069
2015
1961
1905
1846
1784
1726
1672
1625
1590
1587
1641
2159
2678
3090
3394
3600
3722
3800
3838
3855
3868
3874
3878
3877
3882
3881
3882
3885
3879
3881
3882
3882
3879
3882
3887
3880
3892
3881
3885
3884
3878
3858
3824
3792
3761
3728
3705
3677
3663
3641
3633
3617
3604
3594
3577
3559
3546
3529
3506
3446
3358
3260
3165
3083
3013
2951
2899
2847
2794
2744
2697
2645
2592
2540
2490
2426
2395
2353
2318
2289
2259
2239
2223
2206
2196
2186
2178
2167
2160
2145
2132
2117
2101
2076
2068
2049
2020
1986
1944
1890
1823
1753
1683
1615
1573
1531
1657
2211
2722
3121
3416
3608
3730
3799
3839
3858
3865
3873
3875
3877
3878
3875
3879
3882
3881
3883
3879
3882
3879
3884
3883
3881
3880
3881
3884
3878
3882
3881
3878
3885
3879
3881
3885
3880
3882
3878
3884
3881
3877
3882
3880
3885
3880
3881
3883
3855
3795
3738
3687
3647
3618
3594
3566
3465
3320
3218
3137
3069
3001
2937
2876
2809
2748
2684
2620
2556
2496
2437
2389
2349
2317
2287
2265
2235
2205
2161
2127
2078
2031
1976
1922
1863
1804
1750
1691
1639
1588
1543
1498
1456
1419
1391
1387
1669
2222
2721
3115
3408
3606
3729
3800
3840
3858
3866
3872
3873
3877
3878
3877
3877
3876
3878
3875
3877
3858
3857
3858
3851
3857
3848
3850
3854
3850
3851
3848
3844
3832
3818
3806
3794
3791
3775
3768
3751
3733
3714
3687
3661
3630
3592
3560
3518
3475
3377
3238
3098
2981
2882
2802
2733
2668
2594
2536
2477
2425
2383
2345
2316
2285
2262
2245
2231
2215
2204
2192
2176
2167
2150
2130
2111
2088
2057
2026
1987
1949
1905
1856
1809
1762
1714
1668
1623
1578
1533
1492
1450
1408
1371
1330
1292
1255
1219
1185
1153
1122
1096
1092
1136
1559
2093
2601
3015
3337
3555
3696
3777
3824
3848
3860
3867
3871
3875
3876
3874
3882
3882
3880
3883
3880
3883
3879
3880
3883
3858
3883
3882
3879
3883
3878
3880
3880
3890
3872
3852
3842
3823
3810
3797
3780
3764
3750
3738
3717
3704
3688
3670
3652
3633
3610
3587
3562
3534
3448
3338
3252
3149
3060
2986
2914
2853
2796
2754
2698
2634
2569
2509
2453
2399
2361
2325
2299
2267
2250
2229
2214
2200
2190
2179
2171
2161
2153
2143
2135
2123
2111
2093
2075
2051
2030
2003
1975
1942
1908
1869
1828
1780
1727
1671
1615
1559
1508
1454
1401
1354
1314
1282
1277
1576
2135
2644
3051
3363
3575
3710
3880
3881
3881
3884
3881
3879
3879
3881
3881
3881
3880
3880
3883
3880
3881
3878
3861
3842
3815
3795
3774
3767
3758
3749
3744
3738
3728
3720
3708
3693
3675
3661
3594
3476
3373
3295
3231
3176
3126
3072
3026
2980
2930
2879
2827
2775
2722
2666
2610
2555
2500
2448
2401
2361
2324
2291
2265
2239
2219
2199
2181
2158
2136
2101
2065
2023
1971
1921
1863
1804
1740
1682
1623
1563
1501
1445
1390
1333
1279
1234
1200
1199
1480
2047
2570
2995
3321
3548
3692
3777
3828
3849
3864
3867
3874
3876
3877
3877
3876
3879
3878
3879
3882
3878
3880
3880
3882
3883
3881
3898
3880
3883
3882
3880
3883
3880
3880
3882
3879
3882
3878
3882
3882
3865
3820
3814
3789
3760
3734
3713
3691
3683
3669
3669
3664
3659
3663
3655
3605
3530
3453
3386
3327
3281
3246
3221
3201
3188
3166
3124
3092
3050
3014
2974
2932
2884
2829
2775
2715
2653
2587
2522
2464
2413
2371
2331
2298
2266
2229
2187
2139
2080
2019
1949
1880
1810
1745
1683
1623
1571
1523
1480
1447
1424
1445
1945
2492
2938
3285
3524
3681
3772
3821
3852
3865
3868
3874
3874
3877
3877
3722
3723
3722
3721
3723
3723
3723
3722
3721
3722
3720
3721
3720
3722
3723
3721
3731
3723
3726
3725
3725
3725
3721
3722
3718
3708
3714
3706
3701
3654
3559
3466
3405
3370
3349
3328
3302
3282
3265
3247
3233
3217
3201
3181
3161
3139
3115
3089
3053
3013
2975
2924
2872
2815
2760
2700
2636
2575
2515
2458
2410
2365
2329
2297
2268
2245
2222
2203
2181
2157
2131
2096
2058
2005
1952
1890
1835
1768
1708
1642
1576
1510
1457
1403
1356
1323
1300
1297
1306
1740
2295
2781
3159
3438
3629
3736
3805
3840
3856
3867
3882
3879
3882
3879
3882
3883
3880
3885
3881
3881
3881
3882
3883
3878
3882
3881
3883
3884
3883
3883
3882
3885
3881
3880
3855
3801
3763
3740
3734
3731
3732
3735
3731
3735
3730
3717
3677
3604
3524
3451
3401
3371
3352
3338
3333
3326
3310
3282
3251
3225
3198
3174
3141
3113
3081
3046
3006
2965
2918
2872
2820
2759
2699
2637
2579
2521
2468
2420
2375
2341
2314
2282
2259
2229
2188
2138
2075
2005
1931
1854
1784
1714
1648
1586
1531
1474
1427
1377
1339
1319
1436
2013
2548
2985
3316
3544
3695
3774
3828
3852
3881
3881
3884
3881
3884
3886
3881
3883
3887
3886
3882
3881
3882
3879
3885
3883
3882
3885
3883
3882
3867
3839
3812
3770
3745
3718
3709
3704
3703
3708
3709
3711
3713
3713
3714
3710
3656
3574
3501
3441
3402
3375
3353
3338
3322
3312
3303
3287
3275
3264
3256
3240
3227
3211
3192
3171
3145
3121
3091
3059
3022
2983
2941
2883
2822
2745
2668
2589
2525
2462
2411
2370
2338
2309
2279
2250
2209
2158
2102
2038
1973
1905
1839
1775
1711
1655
1594
1543
1494
1445
1401
1354
1319
1279
1243
1213
1191
1183
1185
1230
3883
3885
3881
3883
3886
3882
3886
3882
3885
3885
3883
3884
3884
3883
3886
3883
3885
3883
3883
3882
3883
3887