3881
3878
3879
3876
3881
3878
3876
3880
3874
3882
3878
3879
3878
3666
3254
2915
2653
2438
2262
2129
2019
1940
1883
1838
1794
1765
1752
1750
1757
1772
1796
1831
1864
1894
1918
1943
1971
2007
2052
2108
2178
2257
2348
2450
2551
2653
2746
2832
2907
2973
3027
3072
3112
3142
3167
3191
3207
3224
3235
3247
3255
3261
3269
3274
3284
3287
3300
3314
3434
3563
3638
3743
3806
3839
3861
3868
3872
3873
3875
3875
3876
3878
3876
3876
3878
3876
3876
3873
3878
3880
3873
3876
3874
3877
3876
3875
3877
3874
3877
3877
3876
3879
3880
3875
3878
3877
3877
3876
3876
3879
3875
3879
3876
3878
3878
3876
3879
3878
3877
3877
3877
3881
3876
3878
3879
3878
3879
3876
3882
3879
3873
3799
3616
3416
3167
2932
2717
2531
2390
2289
2225
2186
2152
2121
2102
2105
2136
2178
2227
2286
2346
2397
2445
2498
2555
2619
2696
2779
2859
2940
3015
3081
3135
3186
3223
3251
3277
3300
3313
3327
3338
3348
3410
3543
3636
3693
3736
3760
3771
3800
3835
3858
3867
3871
3878
3873
3876
3877
3874
3878
3873
3879
3875
3879
3877
3876
3889
3875
3878
3877
3878
3880
3879
3879
3879
3879
3877
3879
3878
3877
3883
3873
3881
3878
3877
3877
3876
3895
3877
3879
3878
3876
3882
3879
3877
3727
3437
3144
2900
2687
2514
2383
2283
2208
2165
2143
2134
2123
2109
2094
2086
2089
2100
2114
2137
2177
2216
2264
2318
2371
2424
2477
2534
2592
2650
2718
2795
2873
2951
3025
3091
3149
3197
3237
3265
3290
3305
3317
3332
3337
3349
3447
3575
3661
3714
3748
3771
3822
3849
3861
3874
3873
3874
3877
3875
3879
3875
3880
3877
3880
3878
3875
3877
3874
3877
3876
3875
3877
3876
3879
3876
3879
3876
3879
3877
3880
3877
3878
3876
3876
3878
3877
3878
3880
3879
3881
3874
3879
3880
3879
3877
3879
3879
3879
3877
3815
3617
3285
2985
2740
2551
2406
2301
2234
2202
2188
2181
2171
2170
2161
2146
2146
2137
2142
2157
2188
2224
2263
2301
2343
2401
2476
2559
2657
2756
2859
2959
3038
3111
3167
3215
3247
3276
3299
3311
3325
3333
3343
3349
3356
3365
3370
3384
3524
3630
3700
3732
3748
3786
3833
3860
3865
3874
3873
3874
3876
3875
3876
3875
3876
3874
3877
3876
3877
3879
3874
3877
3875
3876
3878
3876
3876
3880
3876
3879
3879
3879
3879
3876
3881
3876
3873
3877
3877
3881
3879
3879
3876
3878
3880
3878
3879
3783
3513
3193
2903
2668
2481
2330
2210
2122
2069
2051
2057
2063
2071
2079
2085
2085
2085
2086
2086
2086
2090
2099
2117
2143
2177
2214
2253
2298
2342
2397
2457
2515
2584
2653
2728
2803
2876
2948
3013
3071
3120
3167
3201
3229
3259
3282
3300
3316
3326
3343
3349
3362
3371
3383
3540
3643
3701
3734
3795
3840
3851
3872
3872
3873
3880
3874
3877
3877
3873
3878
3874
3879
3880
3875
3877
3873
3879
3878
3876
3876
3878
3875
3881
3876
3876
3879
3873
3879
3877
3878
3878
3878
3880
3877
3880
3878
3875
3877
3874
3880
3876
3877
3877
3877
3881
3876
3880
3879
3881
3879
3879
3877
3861
3841
3787
3630
3376
3119
2889
2691
2544
2446
2374
2317
2263
2219
2185
2165
2146
2147
2170
2211
2262
2317
2370
2418
2462
2508
2554
2615
2683
2762
2843
2923
3007
3074
3138
3188
3225
3264
3285
3307
3323
3339
3357
3503
3613
3673
3721
3792
3834
3860
3870
3873
3870
3874
3877
3872
3880
3876
3877
3877
3876
3879
3872
3881
3878
3880
3880
3875
3880
3878
3875
3877
3879
3877
3878
3874
3879
3867
3879
3878
3876
3882
3875
3880
3882
3878
3881
3878
3880
3876
3832
3744
3569
3361
3157
2956
2765
2585
2448
2357
2299
2265
2246
2229
2211
2197
2185
2185
2181
2197
2216
2239
2271
2306
2343
2383
2428
2475
2532
2599
2672
2746
2831
2916
2997
3062
3126
3181
3230
3268
3313
3369
3443
3555
3640
3690
3723
3742
3755
3761
3754
3752
3746
3759
3799
3837
3861
3866
3876
3876
3874
3880
3875
3879
3877
3881
3876
3877
3877
3876
3875
3875
3876
3878
3874
3877
3880
3877
3877
3876
3877
3878
3875
3878
3872
3883
3880
3877
3878
3875
3877
3875
3877
3878
3875
3879
3877
3879
3878
3877
3881
3877
3875
3798
3603
3343
3081
2845
2639
2471
2335
2233
2169
2129
2119
2114
2112
2112
2112
2111
2106
2116
2116
2121
2136
2158
2194
2228
2268
2319
2377
2447
2526
2609
2698
2785
2868
2943
3017
3079
3135
3178
3211
3243
3264
3282
3298
3313
3322
3323
3336
3343
3351
3353
3362
3463
3585
3662
3702
3752
3815
3843
3862
3868
3876
3873
3876
3877
3875
3877
3877
3876
3877
3874
3877
3883
3877
3879
3877
3878
3880
3879
3879
3879
3878
3876
3878
3876
3876
3878
3877
3874
3877
3879
3880
3881
3879
3877
3881
3878
3881
3866
3826
3767
3618
3365
3094
2853
2645
2475
2352
2273
2230
2215
2203
2191
2185
2182
2187
2185
2182
2172
2170
2177
2206
2248
2307
2371
2444
2521
2603
2687
2765
2851
2923
2994
3060
3115
3168
3208
3246
3275
3299
3319
3330
3345
3353
3360
3368
3389
3495
3607
3675
3722
3739
3759
3810
3842
3861
3872
3874
3872
3873
3876
3877
3875
3875
3880
3877
3875
3876
3877
3878
3877
3882
3875
3876
3879
3877
3878
3880
3869
3879
3875
3879
3877
3875
3879
3878
3877
3877
3882
3876
3876
3875
3880
3878
3876
3878
3879
3877
3883
3882
3848
3695
3445
3186
2941
2725
2552
2421
2329
2266
2228
2211
2196
2187
2173
2168
2161
2160
2151
2149
2163
2187
2226
2261
2298
2336
2379
2431
2483
2548
2614
2682
2764
2838
2914
2983
3051
3109
3159
3202
3236
3266
3286
3302
3314
3323
3328
3335
3343
3346
3349
3361
3362
3372
3460
3586
3662
3713
3734
3777
3830
3854
3865
3874
3876
3877
3879
3878
3877
3874
3878
3879
3878
3873
3880
3873
3881
3879
3878
3879
3876
3879
3885
3879
3877
3877
3877
3880
3878
3881
3876
3885
3879
3879
3878
3879
3882
3877
3883
3880
3881
3882
3830
3695
3481
3245
3011
2795
2616
2469
2357
2277
2224
2197
2178
2167
2159
2152
2145
2143
2143
2144
2143
2138
2135
2141
2157
2176
2202
2233
2267
2304
2350
2405
2462
2532
2601
2674
2748
2816
2886
2949
3011
3066
3119
3162
3198
3230
3256
3277
3290
3301
3315
3319
3328
3325
3330
3338
3337
3341
3341
3343
3344
3347
3353
3361
3479
3597
3669
3768
3818
3848
3879
3877
3875
3880
3877
3880
3881
3878
3880
3876
3878
3879
3879
3879
3876
3880
3880
3879
3877
3877
3879
3882
3882
3883
3882
3864
3746
3545
3278
3021
2788
2596
2442
2330
2253
2210
2191
2177
2169
2162
2154
2151
2147
2146
2144
2138
2139
2140
2164
2197
2244
2291
2353
2429
2516
2612
2708
2805
2899
2978
3056
3115
3166
3211
3246
3281
3301
3320
3335
3354
3415
3528
3626
3684
3721
3744
3739
3742
3782
3834
3855
3867
3871
3874
3878
3876
3875
3879
3875
3879
3874
3879
3879
3874
3880
3875
3879
3876
3879
3878
3880
3879
3878
3879
3877
3877
3880
3877
3879
3877
3879
3878
3878
3880
3877
3879
3869
3879
3879
3877
3881
3876
3879
3880
3850
3879
3875
3878
3878
3879
3878
3875
3880
3877
3879
3880
3877
3881
3878
3877
3877
3876
3832
3655
3488
3294
3051
2827
2654
2540
2465
2413
2370
2336
2307
2283
2274
2279
2297
2327
2365
2414
2484
2564
2646
2734
2819
2902
2982
3049
3115
3167
3216
3252
3282
3306
3324
3350
3481
3589
3665
3704
3722
3777
3826
3853
3861
3872
3871
3874
3872
3873
3876
3871
3873
3872
3875
3878
3877
3875
3877
3877
3874
3876
3873
3872
3875
3871
3876
3876
3876
3878
3874
3874
3867
3877
3871
3876
3875
3871
3871
3873
3877
3875
3871
3876
3873
3875
3876
3874
3875
3874
3876
3874
3876
3873
3875
3866
3799
3531
3177
2884
2671
2523
2431
2376
2339
2309
2286
2273
2253
2236
2218
2205
2198
2205
2225
2255
2299
2352
2413
2487
2565
2651
2734
2816
2893
2964
3033
3085
3131
3167
3199
3225
3245
3264
3277
3289
3298
3306
3313
3317
3330
3330
3334
3339
3343
3349
3351
3357
3360
3368
3493
3605
3662
3748
3810
3844
3855
3866
3871
3872
3873
3873
3872
3874
3873
3874
3873
3872
3874
3873
3879
3874
3874
3873
3873
3877
3873
3876
3875
3874
3879
3877
3877
3853
3778
3603
3330
3062
2807
2610
2454
2346
2277
2247
2229
2211
2197
2183
2175
2170
2164
2176
2203
2235
2273
2305
2347
2397
2463
2544
2634
2731
2828
2922
3003
3073
3131
3175
3216
3246
3269
3291
3307
3322
3329
3343
3354
3367
3504
3610
3682
3723
3730
3768
3819
3849
3857
3867
3872
3868
3875
3871
3874
3874
3872
3874
3873
3876
3871
3872
3871
3871
3876
3873
3875
3871
3871
3876
3875
3875
3875
3873
3875
3875
3874
3874
3874
3876
3874
3873
3874
3874
3874
3876
3876
3872
3875
3878
3876
3877
3875
3876
3874
3877
3877
3778
3500
3180
2910
2699
2545
2428
2343
2290
2245
2197
2158
2135
2125
2123
2123
2125
2135
2155
2188
2229
2279
2343
2406
2490
2559
2645
2737
2827
2915
2996
3063
3124
3169
3206
3236
3260
3279
3293
3310
3313
3323
3331
3335
3342
3347
3357
3361
3364
3384
3506
3619
3685
3730
3751
3754
3794
3830
3856
3867
3868
3871
3870
3866
3873
3871
3874
3871
3870
3872
3876
3875
3874
3872
3873
3876
3872
3874
3877
3874
3876
3874
3875
3876
3895
3874
3873
3878
3874
3879
3874
3874
3876
3874
3875
3874
3879
3880
3849
3709
3441
3156
2923
2726
2568
2458
2394
2345
2301
2262
2235
2215
2206
2203
2211
2236
2264
2299
2339
2382
2429
2478
2533
2599
2674
2762
2849
2939
3019
3088
3144
3190
3230
3254
3279
3292
3306
3318
3325
3332
3331
3345
3349
3354
3361
3367
3379
3519
3624
3695
3727
3743
3793
3834
3856
3863
3868
3872
3878
3872
3874
3876
3875
3876
3873
3874
3873
3873
3873
3870
3876
3874
3873
3876
3873
3874
3876
3873
3877
3874
3876
3875
3874
3877
3873
3877
3875
3874
3876
3871
3876
3874
3876
3881
3875
3876
3874
3876
3870
3824
3675
3397
3117
2857
2656
2510
2409
2343
2292
2244
2197
2158
2131
2112
2113
2119
2139
2165
2203
2244
2289
2343
2401
2464
2534
2616
2708
2803
2891
2972
3038
3098
3143
3182
3211
3235
3255
3268
3279
3289
3298
3303
3307
3316
3319
3325
3329
3336
3339
3342
3351
3360
3392
3543
3629
3688
3726
3748
3805
3838
3862
3871
3867
3871
3872
3876
3872
3878
3876
3872
3876
3870
3876
3875
3883
3871
3876
3874
3875
3874
3873
3876
3871
3877
3873
3874
3874
3873
3877
3875
3877
3876
3875
3878
3875
3879
3877
3894
3877
3861
3781
3631
3390
3107
2835
2629
2475
2370
2302
2263
2240
2224
2207
2193
2183
2175
2170
2157
2149
2150
2169
2189
2221
2251
2292
2338
2395
2461
2530
2607
2685
2767
2845
2926
3002
3068
3125
3174
3212
3247
3271
3291
3307
3324
3331
3341
3345
3351
3359
3363
3369
3381
3506
3617
3684
3724
3747
3759
3823
3845
3862
3867
3874
3874
3871
3873
3873
3873
3874
3875
3876
3873
3872
3874
3876
3877
3874
3874
3876
3871
3877
3875
3876
3874
3871
3874
3873
3876
3876
3875
3878
3874
3876
3880
3875
3879
3873
3877
3874
3879
3863
3743
3436
3122
2847
2643
2477
2350
2261
2197
2154
2134
2124
2116
2105
2096
2100
2109
2130
2159
2194
2235
2278
2317
2360
2404
2451
2503
2569
2643
2730
2816
2907
2994
3064
3131
3182
3221
3254
3272
3289
3303
3313
3320
3323
3331
3333
3339
3340
3345
3350
3355
3463
3581
3662
3728
3797
3840
3851
3866
3869
3872
3873
3871
3874
3874
3875
3875
3872
3874
3874
3874
3875
3872
3872
3875
3876
3877
3876
3874
3875
3879
3875
3873
3874
3871
3871
3879
3875
3874
3876
3874
3877
3873
3878
3875
3871
3877
3874
3879
3879
3830
3679
3451
3178
2923
2702
2531
2391
2295
2235
2209
2194
2184
2176
2175
2172
2167
2161
2152
2152
2163
2192
2216
2251
2285
2324
2371
2432
2497
2577
2668
2757
2847
2928
3003
3069
3115
3162
3194
3223
3239
3255
3269
3275
3285
3293
3298
3300
3308
3312
3313
3321
3327
3329
3336
3340
3349
3356
3364
3480
3599
3675
3714
3789
3834
3850
3865
3867
3873
3874
3871
3874