3886
3885
3888
3883
3881
3885
3883
3884
3885
3886
3887
3884
3885
3885
3883
3886
3876
3798
3552
3211
2908
2670
2473
2319
2190
2084
1999
1933
1884
1853
1826
1808
1796
1795
1794
1797
1807
1832
1839
1859
1881
1895
1919
1937
1960
1989
2028
2079
2129
2183
2243
2302
2357
2416
2467
2515
2563
2605
2643
2680
2712
2745
2773
2803
2835
2852
2877
2895
2917
2940
2995
3001
3029
3063
3092
3120
3147
3172
3195
3220
3237
3312
3450
3548
3643
3743
3809
3845
3864
3870
3877
3878
3882
3880
3881
3884
3881
3885
3886
3880
3884
3882
3887
3883
3885
3887
3884
3885
3883
3887
3884
3885
3885
3888
3882
3882
3884
3885
3883
3887
3882
3886
3883
3884
3872
3831
3787
3723
3613
3408
3131
2876
2675
2527
2427
2366
2330
2295
2268
2243
2223
2205
2200
2201
2211
2232
2261
2296
2338
2373
2421
2465
2514
2565
2621
2676
2731
2788
2839
2895
2939
2983
3021
3055
3087
3118
3143
3166
3186
3203
3219
3233
3245
3255
3267
3274
3282
3287
3293
3301
3306
3315
3318
3323
3328
3330
3337
3343
3349
3353
3355
3425
3550
3637
3687
3707
3750
3815
3851
3866
3885
3885
3884
3883
3884
3881
3884
3882
3883
3883
3883
3885
3882
3884
3884
3883
3884
3881
3882
3883
3890
3885
3884
3885
3882
3887
3883
3883
3885
3884
3887
3887
3888
3885
3876
3805
3597
3309
3020
2773
2578
2421
2291
2197
2142
2113
2103
2094
2089
2094
2095
2095
2098
2100
2106
2105
2101
2100
2106
2121
2132
2150
2173
2195
2219
2252
2283
2317
2356
2389
2424
2458
2495
2535
2575
2625
2679
2739
2797
2858
2919
2976
3029
3077
3121
3157
3189
3215
3239
3258
3275
3283
3297
3303
3310
3316
3322
3327
3331
3336
3883
3884
3882
3882
3885
3885
3886
3888
3885
3883
3887
3886
3883
3884
3884
3887
3883
3883
3889
3885
3887
3886
3877
3850
3742
3479
3158
2866
2637
2453
2304
2181
2095
2035
2011
2009
2018
2027
2035
2046
2055
2062
2069
2079
2090
2099
2110
2114
2120
2123
2125
2124
2122
2115
2110
2103
2099
2095
2094
2100
2112
2132
2158
2184
2212
2240
2274
2305
2333
2383
2421
2465
2510
2559
2607
2661
2717
2773
2835
2892
2948
3003
3048
3091
3123
3151
3172
3191
3198
3210
3218
3226
3231
3237
3239
3242
3244
3251
3257
3264
3885
3882
3884
3881
3883
3878
3885
3882
3882
3883
3879
3883
3882
3885
3883
3891
3887
3881
3884
3884
3888
3888
3885
3885
3883
3886
3887
3886
3809
3469
3095
2818
2599
2407
2241
2100
1978
1877
1797
1737
1691
1657
1634
1612
1591
1575
1560
1547
1531
1525
1520
1519
1521
1527
1537
1553
1574
1599
1633
1674
1721
1763
1800
1834
1869
1904
1941
1978
2018
2057
2100
2147
2200
2261
2324
2395
2469
2539
2630
2711
2791
2868
2937
2999
3056
3100
3136
3165
3189
3207
3218
3228
3244
3249
3256
3262
3268
3269
3276
3278
3885
3883
3881
3883
3885
3879
3883
3879
3884
3883
3882
3882
3882
3885
3884
3883
3882
3875
3885
3880
3885
3880
3882
3885
3881
3882
3880
3872
3825
3754
3675
3602
3500
3391
3272
3173
3109
3068
2999
2838
2689
2567
2455
2374
2293
2221
2160
2111
2071
2043
2023
2009
2005
2003
2011
2021
2037
2062
2094
2130
2167
2212
2247
2288
2327
2365
2410
2449
2493
2541
2589
2641
2693
2752
2809
2864
2920
2967
3018
3063
3097
3131
3161
3188
3209
3231
3249
3264
3275
3289
3301
3313
3321
3328
3338
3352
3359
3367
3375
3386
3879
3879
3888
3883
3880
3881
3880
3883
3880
3881
3884
3882
3882
3880
3883
3882
3882
3883
3880
3882
3882
3883
3882
3879
3899
3884
3885
3882
3876
3878
3798
3621
3312
3046
2853
2704
2545
2392
2265
2157
2079
2020
1977
1951
1935
1930
1932
1937
1949
1961
1977
1985
1999
2009
2018
2027
2034
2043
2048
2055
2065
2075
2089
2105
2123
2147
2173
2194
2217
2246
2275
2299
2337
2379
2433
2493
2558
2623
2690
2754
2825
2890
2951
3004
3053
3096
3137
3163
3189
3211
3227
3247
3259
3270
3280
3287
3300
3306
3313
3321
3880
3879
3882
3878
3882
3881
3882
3882
3879
3883
3880
3883
3882
3882
3882
3886
3884
3880
3883
3883
3880
3884
3882
3882
3880
3880
3887
3881
3885
3879
3882
3881
3878
3885
3856
3817
3775
3728
3681
3612
3457
3249
3084
2949
2834
2734
2648
2581
2520
2481
2451
2426
2405
2390
2371
2358
2346
2336
2329
2323
2319
2314
2314
2315
2318
2322
2331
2338
2355
2381
2417
2464
2514
2568
2625
2678
2729
2776
2823
2869
2908
2948
2984
3014
3042
3069
3095
3117
3140
3156
3175
3185
3197
3213
3223
3226
3236
3242
3247
3251
3881
3884
3885
3883
3882
3885
3883
3883
3883
3879
3885
3880
3885
3881
3882
3882
3882
3883
3881
3883
3885
3882
3884
3880
3882
3834
3611
3295
2999
2745
2537
2356
2184
2047
1921
1810
1721
1653
1589
1545
1503
1473
1450
1430
1417
1409
1410
1411
1423
1434
1453
1474
1497
1522
1555
1587
1620
1657
1693
1725
1763
1798
1826
1856
1883
1918
1956
2004
2063
2119
2185
2245
2305
2365
2426
2478
2533
2594
2665
2721
2787
2866
2937
3002
3061
3118
3160
3202
3231
3255
3282
3293
3307
3316
3328
3335
3336
3344
3345
3350
3881
3881
3884
3882
3882
3883
3882
3883
3888
3883
3884
3880
3883
3881
3885
3883
3880
3887
3880
3883
3883
3886
3885
3884
3886
3883
3885
3887
3886
3886
3883
3886
3887
3888
3887
3885
3889
3887
3887
3885
3884
3886
3874
3889
3888
3881
3878
3846
3790
3700
3570
3363
3125
2914
2745
2600
2471
2357
2255
2162
2083
2013
1954
1904
1855
1813
1778
1747
1725
1712
1707
1710
1715
1725
1738
1756
1781
1820
1870
1928
1995
2065
2132
2202
2267
2328
2386
2435
2488
2538
2589
2646
2706
2776
2844
2913
2979
3037
3087
3138
3880
3881
3883
3878
3882
3883
3882
3883
3879
3885
3878
3881
3881
3880
3880
3882
3882
3884
3882
3884
3882
3882
3885
3877
3874
3875
3882
3878
3877
3883
3879
3884
3882
3881
3885
3878
3881
3878
3881
3871
3844
3803
3753
3700
3646
3587
3488
3355
3211
3067
2931
2808
2698
2600
2518
2450
2393
2343
2300
2264
2235
2209
2188
2172
2156
2145
2135
2130
2124
2119
2118
2115
2119
2119
2122
2122
2121
2122
2125
2127
2131
2135
2142
2151
2165
2178
2194
2218
2247
2286
2328
2374
2424
2471
2526
2575
2628
2675
2721
2766
3880
3879
3881
3879
3881
3883
3879
3881
3879
3882
3880
3880
3880
3879
3881
3878
3884
3879
3882
3882
3880
3882
3878
3881
3880
3879
3879
3877
3883
3879
3884
3881
3879
3883
3881
3886
3881
3882
3884
3885
3883
3882
3883
3874
3781
3607
3351
3077
2885
2745
2633
2546
2475
2419
2372
2335
2303
2278
2253
2239
2229
2224
2232
2248
2268
2295
2331
2371
2420
2473
2525
2587
2645
2705
2762
2819
2876
2926
2974
3014
3053
3085
3111
3133
3153
3172
3190
3200
3210
3205
3229
3227
3240
3245
3250
3257
3261
3266
3269
3277
3878
3880
3881
3882
3882
3882
3880
3880
3881
3880
3881
3879
3881
3882
3879
3882
3879
3883
3883
3882
3884
3878
3884
3881
3884
3871
3833
3699
3370
3050
2793
2589
2426
2282
2161
2062
1988
1936
1911
1908
1913
1926
1938
1953
1962
1967
1971
1974
1976
1980
1985
1990
1997
2010
2020
2033
2041
2045
2051
2054
2059
2062
2065
2075
2099
2134
2178
2228
2279
2330
2395
2454
2518
2587
2657
2723
2793
2860
2921
2979
3036
3086
3137
3173
3206
3234
3259
3282
3295
3309
3320
3329
3338
3342
3351
3358
3361
3364
3437
3560
3884
3885
3883
3879
3880
3879
3881
3879
3881
3880
3879
3882
3877
3881
3880
3881
3882
3880
3885
3882
3885
3871
3835
3850
3863
3875
3873
3874
3877
3882
3883
3884
3884
3889
3882
3859
3771
3596
3327
3062
2863
2649
2485
2335
2215
2117
2051
2007
1989
1988
1999
2007
2018
2021
2022
2017
2012
2008
2011
2019
2027
2033
2039
2045
2049
2057
2069
2091
2121
2161
2206
2258
2315
2375
2444
2509
2582
2653
2717
2776
2829
2876
2923
2970
3013
3056
3095
3129
3160
3183
3208
3224
3243
3257
3269
3278
3286
3296
3306
3306
3881
3880
3878
3880
3880
3881
3879
3877
3882
3880
3878
3879
3879
3880
3879
3881
3879
3881
3882
3879
3883
3879
3881
3882
3879
3884
3881
3884
3871
3735
3488
3182
2890
2655
2468
2311
2178
2064
1965
1879
1806
1745
1687
1639
1605
1577
1565
1567
1581
1612
1655
1696
1729
1752
1773
1786
1799
1809
1820
1830
1841
1856
1876
1895
1910
1929
1949
1970
2001
2034
2077
2126
2176
2228
2281
2331
2381
2426
2478
2527
2579
2631
2684
2738
2805
2867
2926
2986
3041
3086
3131
3167
3199
3221
3246
3260
3278
3291
3299
3310
3879
3879
3878
3879
3877
3878
3877
3875
3879
3877
3876
3875
3879
3880
3879
3878
3879
3879
3878
3883
3881
3875
3880
3877
3866
3817
3595
3279
3017
2809
2629
2466
2318
2190
2085
1988
1912
1848
1797
1762
1747
1755
1775
1803
1833
1863
1889
1912
1936
1956
1975
1989
2000
2008
2020
2028
2039
2048
2052
2051
2055
2056
2056
2058
2065
2079
2103
2135
2173
2216
2259
2307
2367
2427
2486
2560
2633
2708
2783
2862
2940
3012
3082
3139
3184
3221
3246
3269
3287
3304
3316
3331
3344
3357
3362
3370
3373
3380
3385
3384
3878
3876
3876
3877
3876
3877
3882
3876
3877
3875
3877
3878
3877
3879
3875
3877
3878
3875
3878
3875
3881
3877
3880
3881
3879
3878
3884
3865
3814
3804
3812
3755
3692
3649
3544
3440
3279
3107
2926
2749
2574
2417
2281
2165
2067
1983
1919
1876
1851
1845
1855
1870
1890
1902
1905
1899
1888
1871
1859
1853
1852
1862
1870
1884
1900
1917
1925
1943
1959
1984
2017
2056
2098
2142
2181
2225
2267
2308
2352
2396
2440
2483
2530
2565
2607
2644
2679
2717
2756
2794
2835
2878
2919
2966
3010
3049
3090
3127
3160
3190
3877
3875
3879
3875
3878
3879
3876
3878
3876
3879
3878
3879
3879
3877
3875
3876
3877
3877
3879
3880
3877
3878
3883
3879
3878
3878
3880
3879
3884
3878
3834
3799
3740
3645
3565
3435
3265
3081
2882
2698
2533
2380
2235
2106
1999
1905
1821
1759
1705
1676
1656
1649
1651
1667
1691
1715
1757
1794
1823
1849
1868
1882
1887
1889
1888
1882
1874
1872
1874
1883
1893
1915
1934
1953
1965
1978
1992
2015
2050
2096
2151
2210
2270
2340
2402
2468
2534
2606
2680
2761
2846
2925
3002
3071
3126
3178
3217
3249
3275
3300
3877
3874
3876
3874
3877
3876
3874
3875
3875
3879
3877
3874
3877
3875
3879
3874
3877
3877
3877
3879
3873
3869
3878
3878
3876
3880
3882
3879
3881
3880
3881
3880
3871
3864
3826
3771
3698
3602
3488
3288
3098
2912
2746
2619
2522
2445
2383
2333
2286
2256
2233
2208
2187
2166
2151
2126
2098
2068
2041
2017
1995
1984
1980
1979
1988
1997
2006
2017
2025
2032
2037
2043
2046
2049
2053
2055
2061
2070
2081
2095
2109
2129
2152
2181
2213
2248
2290
2339
2389
2439
2502
2564
2630
2700
2763
2831
2894
2953
3011
3063
3882
3882
3882
3877
3881
3875
3880
3878
3878
3879
3879
3881
3882
3882
3880
3877
3880
3877
3882
3879
3879
3878
3879
3881
3881
3885
3882
3882
3887
3889
3886
3886
3887
3885
3881
3876
3834
3761
3614
3439
3250
3076
2903
2736
2595
2476
2380
2297
2234
2190
2159
2144
2132
2126
2119
2116
2112
2106
2091
2077
2055
2035
2015
2002
1993
1994
2007
2033
2068
2115
2160
2207
2251
2297
2339
2378
2420
2460
2500
2540
2585
2632
2681
2734
2787
2835
2885
2933
2976
3014
3050
3081
3111
3139
3165
3189
3211
3229
3247
3262